=== Battery probe v3 (wide scan) ===
hpqBIntM OK: ACPI\PNP0C14\0_0
--- baseline ---
  cmd=0x20008 t=28 out=128 rc=0x0 data=E6 00 35 01 03 C8 01 0D 2D 13 00 00 00 00 00 00 00
  cmd=0x20008 t=00 out=128 rc=0x3 data=00 00 00 00 00 00 00 00 00 00 00 00 00 00 00 00 00
  cmd=0x20008 t=04 out=128 rc=0x0 data=00 00 00 00 00 00 00 00 00 00 00 00 00 00 00 00 00
  cmd=0x20008 t=08 out=128 rc=0x0 data=00 00 00 00 00 00 00 00 00 00 00 00 00 00 00 00 00
  cmd=0x20008 t=0C out=128 rc=0x5 data=00 00 00 00 00 00 00 00 00 00 00 00 00 00 00 00 00
  cmd=0x20008 t=10 out=128 rc=0x0 data=02 00 00 00 00 00 00 00 00 00 00 00 00 00 00 00 00
  cmd=0x20008 t=14 out=128 rc=0x0 data=00 00 00 00 00 00 00 00 00 00 00 00 00 00 00 00 00
  cmd=0x20008 t=18 out=128 rc=0x0 data=00 00 00 00 00 00 00 00 00 00 00 00 00 00 00 00 00
  cmd=0x20008 t=1C out=128 rc=0x0 data=00 00 00 00 00 00 00 00 00 00 00 00 00 00 00 00 00
  cmd=0x20008 t=20 out=128 rc=0x0 data=00 00 00 00 00 00 00 00 00 00 00 00 00 00 00 00 00
  cmd=0x20008 t=24 out=128 rc=0x0 data=00 00 00 00 00 00 00 00 00 00 00 00 00 00 00 00 00
  cmd=0x20008 t=28 out=128 rc=0x0 data=E6 00 35 01 03 C8 01 0D 2D 13 00 00 00 00 00 00 00
  cmd=0x20008 t=2C out=128 rc=0x0 data=21 00 00 00 00 00 00 00 00 00 00 00 00 00 00 00 00
  cmd=0x20008 t=30 out=128 rc=0x0 data=00 00 00 00 00 00 00 00 00 00 00 00 00 00 00 00 00
  cmd=0x20008 t=34 out=128 rc=0x0 data=00 00 00 00 00 00 00 00 00 00 00 00 00 00 00 00 00
  cmd=0x20008 t=38 out=128 rc=0x3 data=00 00 00 00 00 00 00 00 00 00 00 00 00 00 00 00 00
  cmd=0x20008 t=3C out=128 rc=0x3 data=00 00 00 00 00 00 00 00 00 00 00 00 00 00 00 00 00
  cmd=0x20008 t=40 out=128 rc=0x3 data=00 00 00 00 00 00 00 00 00 00 00 00 00 00 00 00 00
  cmd=0x20008 t=44 out=128 rc=0x3 data=00 00 00 00 00 00 00 00 00 00 00 00 00 00 00 00 00
  cmd=0x20008 t=48 out=128 rc=0x3 data=00 00 00 00 00 00 00 00 00 00 00 00 00 00 00 00 00
  cmd=0x20008 t=4C out=128 rc=0x3 data=00 00 00 00 00 00 00 00 00 00 00 00 00 00 00 00 00
  cmd=0x20008 t=50 out=128 rc=0x3 data=00 00 00 00 00 00 00 00 00 00 00 00 00 00 00 00 00
  cmd=0x20009 t=00 out=128 rc=0x3 data=00 00 00 00 00 00 00 00 00 00 00 00 00 00 00 00 00
  cmd=0x20009 t=04 out=128 rc=0x0 data=64 00 00 00 00 00 00 00 00 00 00 00 00 00 00 00 00
  cmd=0x20009 t=08 out=128 rc=0x3 data=00 00 00 00 00 00 00 00 00 00 00 00 00 00 00 00 00
  cmd=0x20009 t=0C out=128 rc=0x3 data=00 00 00 00 00 00 00 00 00 00 00 00 00 00 00 00 00
  cmd=0x20009 t=10 out=128 rc=0x3 data=00 00 00 00 00 00 00 00 00 00 00 00 00 00 00 00 00
  cmd=0x20009 t=14 out=128 rc=0x3 data=00 00 00 00 00 00 00 00 00 00 00 00 00 00 00 00 00
  cmd=0x20009 t=18 out=128 rc=0x3 data=00 00 00 00 00 00 00 00 00 00 00 00 00 00 00 00 00
  cmd=0x20009 t=1C out=128 rc=0x3 data=00 00 00 00 00 00 00 00 00 00 00 00 00 00 00 00 00
  cmd=0x20009 t=20 out=128 rc=0x3 data=00 00 00 00 00 00 00 00 00 00 00 00 00 00 00 00 00
  cmd=0x20009 t=24 out=128 rc=0x3 data=00 00 00 00 00 00 00 00 00 00 00 00 00 00 00 00 00
  cmd=0x20009 t=28 out=128 rc=0x3 data=00 00 00 00 00 00 00 00 00 00 00 00 00 00 00 00 00
  cmd=0x20009 t=2C out=128 rc=0x3 data=00 00 00 00 00 00 00 00 00 00 00 00 00 00 00 00 00
  cmd=0x20009 t=30 out=128 rc=0x3 data=00 00 00 00 00 00 00 00 00 00 00 00 00 00 00 00 00
  cmd=0x20009 t=34 out=128 rc=0x3 data=00 00 00 00 00 00 00 00 00 00 00 00 00 00 00 00 00
  cmd=0x20009 t=38 out=128 rc=0x3 data=00 00 00 00 00 00 00 00 00 00 00 00 00 00 00 00 00
  cmd=0x20009 t=3C out=128 rc=0x3 data=00 00 00 00 00 00 00 00 00 00 00 00 00 00 00 00 00
  cmd=0x20009 t=40 out=128 rc=0x3 data=00 00 00 00 00 00 00 00 00 00 00 00 00 00 00 00 00
  cmd=0x20009 t=44 out=128 rc=0x3 data=00 00 00 00 00 00 00 00 00 00 00 00 00 00 00 00 00
  cmd=0x20009 t=48 out=128 rc=0x3 data=00 00 00 00 00 00 00 00 00 00 00 00 00 00 00 00 00
  cmd=0x20009 t=4C out=128 rc=0x3 data=00 00 00 00 00 00 00 00 00 00 00 00 00 00 00 00 00
  cmd=0x20009 t=50 out=128 rc=0x3 data=00 00 00 00 00 00 00 00 00 00 00 00 00 00 00 00 00
  cmd=0x2000A t=00 out=128 rc=0x3 data=00 00 00 00 00 00 00 00 00 00 00 00 00 00 00 00 00
  cmd=0x2000A t=04 out=128 rc=0x3 data=00 00 00 00 00 00 00 00 00 00 00 00 00 00 00 00 00
  cmd=0x2000A t=08 out=128 rc=0x3 data=00 00 00 00 00 00 00 00 00 00 00 00 00 00 00 00 00
  cmd=0x2000A t=0C out=128 rc=0x3 data=00 00 00 00 00 00 00 00 00 00 00 00 00 00 00 00 00
  cmd=0x2000A t=10 out=128 rc=0x3 data=00 00 00 00 00 00 00 00 00 00 00 00 00 00 00 00 00
  cmd=0x2000A t=14 out=128 rc=0x3 data=00 00 00 00 00 00 00 00 00 00 00 00 00 00 00 00 00
  cmd=0x2000A t=18 out=128 rc=0x3 data=00 00 00 00 00 00 00 00 00 00 00 00 00 00 00 00 00
  cmd=0x2000A t=1C out=128 rc=0x3 data=00 00 00 00 00 00 00 00 00 00 00 00 00 00 00 00 00
  cmd=0x2000A t=20 out=128 rc=0x3 data=00 00 00 00 00 00 00 00 00 00 00 00 00 00 00 00 00
  cmd=0x2000A t=24 out=128 rc=0x3 data=00 00 00 00 00 00 00 00 00 00 00 00 00 00 00 00 00
  cmd=0x2000A t=28 out=128 rc=0x3 data=00 00 00 00 00 00 00 00 00 00 00 00 00 00 00 00 00
  cmd=0x2000A t=2C out=128 rc=0x3 data=00 00 00 00 00 00 00 00 00 00 00 00 00 00 00 00 00
  cmd=0x2000A t=30 out=128 rc=0x3 data=00 00 00 00 00 00 00 00 00 00 00 00 00 00 00 00 00
  cmd=0x2000A t=34 out=128 rc=0x3 data=00 00 00 00 00 00 00 00 00 00 00 00 00 00 00 00 00
  cmd=0x2000A t=38 out=128 rc=0x3 data=00 00 00 00 00 00 00 00 00 00 00 00 00 00 00 00 00
  cmd=0x2000A t=3C out=128 rc=0x3 data=00 00 00 00 00 00 00 00 00 00 00 00 00 00 00 00 00
  cmd=0x2000A t=40 out=128 rc=0x3 data=00 00 00 00 00 00 00 00 00 00 00 00 00 00 00 00 00
  cmd=0x2000A t=44 out=128 rc=0x3 data=00 00 00 00 00 00 00 00 00 00 00 00 00 00 00 00 00
  cmd=0x2000A t=48 out=128 rc=0x3 data=00 00 00 00 00 00 00 00 00 00 00 00 00 00 00 00 00
  cmd=0x2000A t=4C out=128 rc=0x3 data=00 00 00 00 00 00 00 00 00 00 00 00 00 00 00 00 00
  cmd=0x2000A t=50 out=128 rc=0x3 data=00 00 00 00 00 00 00 00 00 00 00 00 00 00 00 00 00
  cmd=0x2000B t=00 out=128 rc=0x3 data=00 00 00 00 00 00 00 00 00 00 00 00 00 00 00 00 00
  cmd=0x2000B t=04 out=128 rc=0x3 data=00 00 00 00 00 00 00 00 00 00 00 00 00 00 00 00 00
  cmd=0x2000B t=08 out=128 rc=0x3 data=00 00 00 00 00 00 00 00 00 00 00 00 00 00 00 00 00
  cmd=0x2000B t=0C out=128 rc=0x3 data=00 00 00 00 00 00 00 00 00 00 00 00 00 00 00 00 00
  cmd=0x2000B t=10 out=128 rc=0x3 data=00 00 00 00 00 00 00 00 00 00 00 00 00 00 00 00 00
  cmd=0x2000B t=14 out=128 rc=0x3 data=00 00 00 00 00 00 00 00 00 00 00 00 00 00 00 00 00
  cmd=0x2000B t=18 out=128 rc=0x3 data=00 00 00 00 00 00 00 00 00 00 00 00 00 00 00 00 00
  cmd=0x2000B t=1C out=128 rc=0x3 data=00 00 00 00 00 00 00 00 00 00 00 00 00 00 00 00 00
  cmd=0x2000B t=20 out=128 rc=0x3 data=00 00 00 00 00 00 00 00 00 00 00 00 00 00 00 00 00
  cmd=0x2000B t=24 out=128 rc=0x3 data=00 00 00 00 00 00 00 00 00 00 00 00 00 00 00 00 00
  cmd=0x2000B t=28 out=128 rc=0x3 data=00 00 00 00 00 00 00 00 00 00 00 00 00 00 00 00 00
  cmd=0x2000B t=2C out=128 rc=0x3 data=00 00 00 00 00 00 00 00 00 00 00 00 00 00 00 00 00
  cmd=0x2000B t=30 out=128 rc=0x3 data=00 00 00 00 00 00 00 00 00 00 00 00 00 00 00 00 00
  cmd=0x2000B t=34 out=128 rc=0x3 data=00 00 00 00 00 00 00 00 00 00 00 00 00 00 00 00 00
  cmd=0x2000B t=38 out=128 rc=0x3 data=00 00 00 00 00 00 00 00 00 00 00 00 00 00 00 00 00
  cmd=0x2000B t=3C out=128 rc=0x3 data=00 00 00 00 00 00 00 00 00 00 00 00 00 00 00 00 00
  cmd=0x2000B t=40 out=128 rc=0x3 data=00 00 00 00 00 00 00 00 00 00 00 00 00 00 00 00 00
  cmd=0x2000B t=44 out=128 rc=0x3 data=00 00 00 00 00 00 00 00 00 00 00 00 00 00 00 00 00
  cmd=0x2000B t=48 out=128 rc=0x3 data=00 00 00 00 00 00 00 00 00 00 00 00 00 00 00 00 00
  cmd=0x2000B t=4C out=128 rc=0x3 data=00 00 00 00 00 00 00 00 00 00 00 00 00 00 00 00 00
  cmd=0x2000B t=50 out=128 rc=0x3 data=00 00 00 00 00 00 00 00 00 00 00 00 00 00 00 00 00
  cmd=0x2000C t=00 out=128 rc=0x3 data=00 00 00 00 00 00 00 00 00 00 00 00 00 00 00 00 00
  cmd=0x2000C t=04 out=128 rc=0x3 data=00 00 00 00 00 00 00 00 00 00 00 00 00 00 00 00 00
  cmd=0x2000C t=08 out=128 rc=0x3 data=00 00 00 00 00 00 00 00 00 00 00 00 00 00 00 00 00
  cmd=0x2000C t=0C out=128 rc=0x3 data=00 00 00 00 00 00 00 00 00 00 00 00 00 00 00 00 00
  cmd=0x2000C t=10 out=128 rc=0x3 data=00 00 00 00 00 00 00 00 00 00 00 00 00 00 00 00 00
  cmd=0x2000C t=14 out=128 rc=0x3 data=00 00 00 00 00 00 00 00 00 00 00 00 00 00 00 00 00
  cmd=0x2000C t=18 out=128 rc=0x3 data=00 00 00 00 00 00 00 00 00 00 00 00 00 00 00 00 00
  cmd=0x2000C t=1C out=128 rc=0x3 data=00 00 00 00 00 00 00 00 00 00 00 00 00 00 00 00 00
  cmd=0x2000C t=20 out=128 rc=0x3 data=00 00 00 00 00 00 00 00 00 00 00 00 00 00 00 00 00
  cmd=0x2000C t=24 out=128 rc=0x3 data=00 00 00 00 00 00 00 00 00 00 00 00 00 00 00 00 00
  cmd=0x2000C t=28 out=128 rc=0x3 data=00 00 00 00 00 00 00 00 00 00 00 00 00 00 00 00 00
  cmd=0x2000C t=2C out=128 rc=0x3 data=00 00 00 00 00 00 00 00 00 00 00 00 00 00 00 00 00
  cmd=0x2000C t=30 out=128 rc=0x3 data=00 00 00 00 00 00 00 00 00 00 00 00 00 00 00 00 00
  cmd=0x2000C t=34 out=128 rc=0x3 data=00 00 00 00 00 00 00 00 00 00 00 00 00 00 00 00 00
  cmd=0x2000C t=38 out=128 rc=0x3 data=00 00 00 00 00 00 00 00 00 00 00 00 00 00 00 00 00
  cmd=0x2000C t=3C out=128 rc=0x3 data=00 00 00 00 00 00 00 00 00 00 00 00 00 00 00 00 00
  cmd=0x2000C t=40 out=128 rc=0x3 data=00 00 00 00 00 00 00 00 00 00 00 00 00 00 00 00 00
  cmd=0x2000C t=44 out=128 rc=0x3 data=00 00 00 00 00 00 00 00 00 00 00 00 00 00 00 00 00
  cmd=0x2000C t=48 out=128 rc=0x3 data=00 00 00 00 00 00 00 00 00 00 00 00 00 00 00 00 00
  cmd=0x2000C t=4C out=128 rc=0x3 data=00 00 00 00 00 00 00 00 00 00 00 00 00 00 00 00 00
  cmd=0x2000C t=50 out=128 rc=0x3 data=00 00 00 00 00 00 00 00 00 00 00 00 00 00 00 00 00
  cmd=0x2000D t=00 out=128 rc=0x3 data=00 00 00 00 00 00 00 00 00 00 00 00 00 00 00 00 00
  cmd=0x2000D t=04 out=128 rc=0x3 data=00 00 00 00 00 00 00 00 00 00 00 00 00 00 00 00 00
  cmd=0x2000D t=08 out=128 rc=0x3 data=00 00 00 00 00 00 00 00 00 00 00 00 00 00 00 00 00
  cmd=0x2000D t=0C out=128 rc=0x3 data=00 00 00 00 00 00 00 00 00 00 00 00 00 00 00 00 00
  cmd=0x2000D t=10 out=128 rc=0x3 data=00 00 00 00 00 00 00 00 00 00 00 00 00 00 00 00 00
  cmd=0x2000D t=14 out=128 rc=0x3 data=00 00 00 00 00 00 00 00 00 00 00 00 00 00 00 00 00
  cmd=0x2000D t=18 out=128 rc=0x3 data=00 00 00 00 00 00 00 00 00 00 00 00 00 00 00 00 00
  cmd=0x2000D t=1C out=128 rc=0x3 data=00 00 00 00 00 00 00 00 00 00 00 00 00 00 00 00 00
  cmd=0x2000D t=20 out=128 rc=0x3 data=00 00 00 00 00 00 00 00 00 00 00 00 00 00 00 00 00
  cmd=0x2000D t=24 out=128 rc=0x3 data=00 00 00 00 00 00 00 00 00 00 00 00 00 00 00 00 00
  cmd=0x2000D t=28 out=128 rc=0x3 data=00 00 00 00 00 00 00 00 00 00 00 00 00 00 00 00 00
  cmd=0x2000D t=2C out=128 rc=0x3 data=00 00 00 00 00 00 00 00 00 00 00 00 00 00 00 00 00
  cmd=0x2000D t=30 out=128 rc=0x3 data=00 00 00 00 00 00 00 00 00 00 00 00 00 00 00 00 00
  cmd=0x2000D t=34 out=128 rc=0x3 data=00 00 00 00 00 00 00 00 00 00 00 00 00 00 00 00 00
  cmd=0x2000D t=38 out=128 rc=0x3 data=00 00 00 00 00 00 00 00 00 00 00 00 00 00 00 00 00
  cmd=0x2000D t=3C out=128 rc=0x3 data=00 00 00 00 00 00 00 00 00 00 00 00 00 00 00 00 00
  cmd=0x2000D t=40 out=128 rc=0x3 data=00 00 00 00 00 00 00 00 00 00 00 00 00 00 00 00 00
  cmd=0x2000D t=44 out=128 rc=0x3 data=00 00 00 00 00 00 00 00 00 00 00 00 00 00 00 00 00
  cmd=0x2000D t=48 out=128 rc=0x3 data=00 00 00 00 00 00 00 00 00 00 00 00 00 00 00 00 00
  cmd=0x2000D t=4C out=128 rc=0x3 data=00 00 00 00 00 00 00 00 00 00 00 00 00 00 00 00 00
  cmd=0x2000D t=50 out=128 rc=0x3 data=00 00 00 00 00 00 00 00 00 00 00 00 00 00 00 00 00
  cmd=0x2000E t=00 out=128 rc=0x3 data=00 00 00 00 00 00 00 00 00 00 00 00 00 00 00 00 00
  cmd=0x2000E t=04 out=128 rc=0x3 data=00 00 00 00 00 00 00 00 00 00 00 00 00 00 00 00 00
  cmd=0x2000E t=08 out=128 rc=0x3 data=00 00 00 00 00 00 00 00 00 00 00 00 00 00 00 00 00
  cmd=0x2000E t=0C out=128 rc=0x3 data=00 00 00 00 00 00 00 00 00 00 00 00 00 00 00 00 00
  cmd=0x2000E t=10 out=128 rc=0x3 data=00 00 00 00 00 00 00 00 00 00 00 00 00 00 00 00 00
  cmd=0x2000E t=14 out=128 rc=0x3 data=00 00 00 00 00 00 00 00 00 00 00 00 00 00 00 00 00
  cmd=0x2000E t=18 out=128 rc=0x3 data=00 00 00 00 00 00 00 00 00 00 00 00 00 00 00 00 00
  cmd=0x2000E t=1C out=128 rc=0x3 data=00 00 00 00 00 00 00 00 00 00 00 00 00 00 00 00 00
  cmd=0x2000E t=20 out=128 rc=0x3 data=00 00 00 00 00 00 00 00 00 00 00 00 00 00 00 00 00
  cmd=0x2000E t=24 out=128 rc=0x3 data=00 00 00 00 00 00 00 00 00 00 00 00 00 00 00 00 00
  cmd=0x2000E t=28 out=128 rc=0x3 data=00 00 00 00 00 00 00 00 00 00 00 00 00 00 00 00 00
  cmd=0x2000E t=2C out=128 rc=0x3 data=00 00 00 00 00 00 00 00 00 00 00 00 00 00 00 00 00
  cmd=0x2000E t=30 out=128 rc=0x3 data=00 00 00 00 00 00 00 00 00 00 00 00 00 00 00 00 00
  cmd=0x2000E t=34 out=128 rc=0x3 data=00 00 00 00 00 00 00 00 00 00 00 00 00 00 00 00 00
  cmd=0x2000E t=38 out=128 rc=0x3 data=00 00 00 00 00 00 00 00 00 00 00 00 00 00 00 00 00
  cmd=0x2000E t=3C out=128 rc=0x3 data=00 00 00 00 00 00 00 00 00 00 00 00 00 00 00 00 00
  cmd=0x2000E t=40 out=128 rc=0x3 data=00 00 00 00 00 00 00 00 00 00 00 00 00 00 00 00 00
  cmd=0x2000E t=44 out=128 rc=0x3 data=00 00 00 00 00 00 00 00 00 00 00 00 00 00 00 00 00
  cmd=0x2000E t=48 out=128 rc=0x3 data=00 00 00 00 00 00 00 00 00 00 00 00 00 00 00 00 00
  cmd=0x2000E t=4C out=128 rc=0x3 data=00 00 00 00 00 00 00 00 00 00 00 00 00 00 00 00 00
  cmd=0x2000E t=50 out=128 rc=0x3 data=00 00 00 00 00 00 00 00 00 00 00 00 00 00 00 00 00
  cmd=0x2000F t=00 out=128 rc=0x3 data=00 00 00 00 00 00 00 00 00 00 00 00 00 00 00 00 00
  cmd=0x2000F t=04 out=128 rc=0x3 data=00 00 00 00 00 00 00 00 00 00 00 00 00 00 00 00 00
  cmd=0x2000F t=08 out=128 rc=0x3 data=00 00 00 00 00 00 00 00 00 00 00 00 00 00 00 00 00
  cmd=0x2000F t=0C out=128 rc=0x3 data=00 00 00 00 00 00 00 00 00 00 00 00 00 00 00 00 00
  cmd=0x2000F t=10 out=128 rc=0x3 data=00 00 00 00 00 00 00 00 00 00 00 00 00 00 00 00 00
  cmd=0x2000F t=14 out=128 rc=0x3 data=00 00 00 00 00 00 00 00 00 00 00 00 00 00 00 00 00
  cmd=0x2000F t=18 out=128 rc=0x3 data=00 00 00 00 00 00 00 00 00 00 00 00 00 00 00 00 00
  cmd=0x2000F t=1C out=128 rc=0x3 data=00 00 00 00 00 00 00 00 00 00 00 00 00 00 00 00 00
  cmd=0x2000F t=20 out=128 rc=0x3 data=00 00 00 00 00 00 00 00 00 00 00 00 00 00 00 00 00
  cmd=0x2000F t=24 out=128 rc=0x3 data=00 00 00 00 00 00 00 00 00 00 00 00 00 00 00 00 00
  cmd=0x2000F t=28 out=128 rc=0x3 data=00 00 00 00 00 00 00 00 00 00 00 00 00 00 00 00 00
  cmd=0x2000F t=2C out=128 rc=0x3 data=00 00 00 00 00 00 00 00 00 00 00 00 00 00 00 00 00
  cmd=0x2000F t=30 out=128 rc=0x3 data=00 00 00 00 00 00 00 00 00 00 00 00 00 00 00 00 00
  cmd=0x2000F t=34 out=128 rc=0x3 data=00 00 00 00 00 00 00 00 00 00 00 00 00 00 00 00 00
  cmd=0x2000F t=38 out=128 rc=0x3 data=00 00 00 00 00 00 00 00 00 00 00 00 00 00 00 00 00
  cmd=0x2000F t=3C out=128 rc=0x3 data=00 00 00 00 00 00 00 00 00 00 00 00 00 00 00 00 00
  cmd=0x2000F t=40 out=128 rc=0x3 data=00 00 00 00 00 00 00 00 00 00 00 00 00 00 00 00 00
  cmd=0x2000F t=44 out=128 rc=0x3 data=00 00 00 00 00 00 00 00 00 00 00 00 00 00 00 00 00
  cmd=0x2000F t=48 out=128 rc=0x3 data=00 00 00 00 00 00 00 00 00 00 00 00 00 00 00 00 00
  cmd=0x2000F t=4C out=128 rc=0x3 data=00 00 00 00 00 00 00 00 00 00 00 00 00 00 00 00 00
  cmd=0x2000F t=50 out=128 rc=0x3 data=00 00 00 00 00 00 00 00 00 00 00 00 00 00 00 00 00
  cmd=0x20010 t=00 out=128 rc=0x3 data=00 00 00 00 00 00 00 00 00 00 00 00 00 00 00 00 00
  cmd=0x20010 t=04 out=128 rc=0x3 data=00 00 00 00 00 00 00 00 00 00 00 00 00 00 00 00 00
  cmd=0x20010 t=08 out=128 rc=0x3 data=00 00 00 00 00 00 00 00 00 00 00 00 00 00 00 00 00
  cmd=0x20010 t=0C out=128 rc=0x3 data=00 00 00 00 00 00 00 00 00 00 00 00 00 00 00 00 00
  cmd=0x20010 t=10 out=128 rc=0x3 data=00 00 00 00 00 00 00 00 00 00 00 00 00 00 00 00 00
  cmd=0x20010 t=14 out=128 rc=0x3 data=00 00 00 00 00 00 00 00 00 00 00 00 00 00 00 00 00
  cmd=0x20010 t=18 out=128 rc=0x3 data=00 00 00 00 00 00 00 00 00 00 00 00 00 00 00 00 00
  cmd=0x20010 t=1C out=128 rc=0x3 data=00 00 00 00 00 00 00 00 00 00 00 00 00 00 00 00 00
  cmd=0x20010 t=20 out=128 rc=0x3 data=00 00 00 00 00 00 00 00 00 00 00 00 00 00 00 00 00
  cmd=0x20010 t=24 out=128 rc=0x3 data=00 00 00 00 00 00 00 00 00 00 00 00 00 00 00 00 00
  cmd=0x20010 t=28 out=128 rc=0x3 data=00 00 00 00 00 00 00 00 00 00 00 00 00 00 00 00 00
  cmd=0x20010 t=2C out=128 rc=0x3 data=00 00 00 00 00 00 00 00 00 00 00 00 00 00 00 00 00
  cmd=0x20010 t=30 out=128 rc=0x3 data=00 00 00 00 00 00 00 00 00 00 00 00 00 00 00 00 00
  cmd=0x20010 t=34 out=128 rc=0x3 data=00 00 00 00 00 00 00 00 00 00 00 00 00 00 00 00 00
  cmd=0x20010 t=38 out=128 rc=0x3 data=00 00 00 00 00 00 00 00 00 00 00 00 00 00 00 00 00
  cmd=0x20010 t=3C out=128 rc=0x3 data=00 00 00 00 00 00 00 00 00 00 00 00 00 00 00 00 00
  cmd=0x20010 t=40 out=128 rc=0x3 data=00 00 00 00 00 00 00 00 00 00 00 00 00 00 00 00 00
  cmd=0x20010 t=44 out=128 rc=0x3 data=00 00 00 00 00 00 00 00 00 00 00 00 00 00 00 00 00
  cmd=0x20010 t=48 out=128 rc=0x3 data=00 00 00 00 00 00 00 00 00 00 00 00 00 00 00 00 00
  cmd=0x20010 t=4C out=128 rc=0x3 data=00 00 00 00 00 00 00 00 00 00 00 00 00 00 00 00 00
  cmd=0x20010 t=50 out=128 rc=0x3 data=00 00 00 00 00 00 00 00 00 00 00 00 00 00 00 00 00
  cmd=0x20011 t=00 out=128 rc=0x3 data=00 00 00 00 00 00 00 00 00 00 00 00 00 00 00 00 00
  cmd=0x20011 t=04 out=128 rc=0x3 data=00 00 00 00 00 00 00 00 00 00 00 00 00 00 00 00 00
  cmd=0x20011 t=08 out=128 rc=0x3 data=00 00 00 00 00 00 00 00 00 00 00 00 00 00 00 00 00
  cmd=0x20011 t=0C out=128 rc=0x3 data=00 00 00 00 00 00 00 00 00 00 00 00 00 00 00 00 00
  cmd=0x20011 t=10 out=128 rc=0x3 data=00 00 00 00 00 00 00 00 00 00 00 00 00 00 00 00 00
  cmd=0x20011 t=14 out=128 rc=0x3 data=00 00 00 00 00 00 00 00 00 00 00 00 00 00 00 00 00
  cmd=0x20011 t=18 out=128 rc=0x3 data=00 00 00 00 00 00 00 00 00 00 00 00 00 00 00 00 00
  cmd=0x20011 t=1C out=128 rc=0x3 data=00 00 00 00 00 00 00 00 00 00 00 00 00 00 00 00 00
  cmd=0x20011 t=20 out=128 rc=0x3 data=00 00 00 00 00 00 00 00 00 00 00 00 00 00 00 00 00
  cmd=0x20011 t=24 out=128 rc=0x3 data=00 00 00 00 00 00 00 00 00 00 00 00 00 00 00 00 00
  cmd=0x20011 t=28 out=128 rc=0x3 data=00 00 00 00 00 00 00 00 00 00 00 00 00 00 00 00 00
  cmd=0x20011 t=2C out=128 rc=0x3 data=00 00 00 00 00 00 00 00 00 00 00 00 00 00 00 00 00
  cmd=0x20011 t=30 out=128 rc=0x3 data=00 00 00 00 00 00 00 00 00 00 00 00 00 00 00 00 00
  cmd=0x20011 t=34 out=128 rc=0x3 data=00 00 00 00 00 00 00 00 00 00 00 00 00 00 00 00 00
  cmd=0x20011 t=38 out=128 rc=0x3 data=00 00 00 00 00 00 00 00 00 00 00 00 00 00 00 00 00
  cmd=0x20011 t=3C out=128 rc=0x3 data=00 00 00 00 00 00 00 00 00 00 00 00 00 00 00 00 00
  cmd=0x20011 t=40 out=128 rc=0x3 data=00 00 00 00 00 00 00 00 00 00 00 00 00 00 00 00 00
  cmd=0x20011 t=44 out=128 rc=0x3 data=00 00 00 00 00 00 00 00 00 00 00 00 00 00 00 00 00
  cmd=0x20011 t=48 out=128 rc=0x3 data=00 00 00 00 00 00 00 00 00 00 00 00 00 00 00 00 00
  cmd=0x20011 t=4C out=128 rc=0x3 data=00 00 00 00 00 00 00 00 00 00 00 00 00 00 00 00 00
  cmd=0x20011 t=50 out=128 rc=0x3 data=00 00 00 00 00 00 00 00 00 00 00 00 00 00 00 00 00
  cmd=0x20012 t=00 out=128 rc=0x3 data=00 00 00 00 00 00 00 00 00 00 00 00 00 00 00 00 00
  cmd=0x20012 t=04 out=128 rc=0x3 data=00 00 00 00 00 00 00 00 00 00 00 00 00 00 00 00 00
  cmd=0x20012 t=08 out=128 rc=0x3 data=00 00 00 00 00 00 00 00 00 00 00 00 00 00 00 00 00
  cmd=0x20012 t=0C out=128 rc=0x3 data=00 00 00 00 00 00 00 00 00 00 00 00 00 00 00 00 00
  cmd=0x20012 t=10 out=128 rc=0x3 data=00 00 00 00 00 00 00 00 00 00 00 00 00 00 00 00 00
  cmd=0x20012 t=14 out=128 rc=0x3 data=00 00 00 00 00 00 00 00 00 00 00 00 00 00 00 00 00
  cmd=0x20012 t=18 out=128 rc=0x3 data=00 00 00 00 00 00 00 00 00 00 00 00 00 00 00 00 00
  cmd=0x20012 t=1C out=128 rc=0x3 data=00 00 00 00 00 00 00 00 00 00 00 00 00 00 00 00 00
  cmd=0x20012 t=20 out=128 rc=0x3 data=00 00 00 00 00 00 00 00 00 00 00 00 00 00 00 00 00
  cmd=0x20012 t=24 out=128 rc=0x3 data=00 00 00 00 00 00 00 00 00 00 00 00 00 00 00 00 00
  cmd=0x20012 t=28 out=128 rc=0x3 data=00 00 00 00 00 00 00 00 00 00 00 00 00 00 00 00 00
  cmd=0x20012 t=2C out=128 rc=0x3 data=00 00 00 00 00 00 00 00 00 00 00 00 00 00 00 00 00
  cmd=0x20012 t=30 out=128 rc=0x3 data=00 00 00 00 00 00 00 00 00 00 00 00 00 00 00 00 00
  cmd=0x20012 t=34 out=128 rc=0x3 data=00 00 00 00 00 00 00 00 00 00 00 00 00 00 00 00 00
  cmd=0x20012 t=38 out=128 rc=0x3 data=00 00 00 00 00 00 00 00 00 00 00 00 00 00 00 00 00
  cmd=0x20012 t=3C out=128 rc=0x3 data=00 00 00 00 00 00 00 00 00 00 00 00 00 00 00 00 00
  cmd=0x20012 t=40 out=128 rc=0x3 data=00 00 00 00 00 00 00 00 00 00 00 00 00 00 00 00 00
  cmd=0x20012 t=44 out=128 rc=0x3 data=00 00 00 00 00 00 00 00 00 00 00 00 00 00 00 00 00
  cmd=0x20012 t=48 out=128 rc=0x3 data=00 00 00 00 00 00 00 00 00 00 00 00 00 00 00 00 00
  cmd=0x20012 t=4C out=128 rc=0x3 data=00 00 00 00 00 00 00 00 00 00 00 00 00 00 00 00 00
  cmd=0x20012 t=50 out=128 rc=0x3 data=00 00 00 00 00 00 00 00 00 00 00 00 00 00 00 00 00
  cmd=0x20013 t=00 out=128 rc=0x3 data=00 00 00 00 00 00 00 00 00 00 00 00 00 00 00 00 00
  cmd=0x20013 t=04 out=128 rc=0x3 data=00 00 00 00 00 00 00 00 00 00 00 00 00 00 00 00 00
  cmd=0x20013 t=08 out=128 rc=0x3 data=00 00 00 00 00 00 00 00 00 00 00 00 00 00 00 00 00
  cmd=0x20013 t=0C out=128 rc=0x3 data=00 00 00 00 00 00 00 00 00 00 00 00 00 00 00 00 00
  cmd=0x20013 t=10 out=128 rc=0x3 data=00 00 00 00 00 00 00 00 00 00 00 00 00 00 00 00 00
  cmd=0x20013 t=14 out=128 rc=0x3 data=00 00 00 00 00 00 00 00 00 00 00 00 00 00 00 00 00
  cmd=0x20013 t=18 out=128 rc=0x3 data=00 00 00 00 00 00 00 00 00 00 00 00 00 00 00 00 00
  cmd=0x20013 t=1C out=128 rc=0x3 data=00 00 00 00 00 00 00 00 00 00 00 00 00 00 00 00 00
  cmd=0x20013 t=20 out=128 rc=0x3 data=00 00 00 00 00 00 00 00 00 00 00 00 00 00 00 00 00
  cmd=0x20013 t=24 out=128 rc=0x3 data=00 00 00 00 00 00 00 00 00 00 00 00 00 00 00 00 00
  cmd=0x20013 t=28 out=128 rc=0x3 data=00 00 00 00 00 00 00 00 00 00 00 00 00 00 00 00 00
  cmd=0x20013 t=2C out=128 rc=0x3 data=00 00 00 00 00 00 00 00 00 00 00 00 00 00 00 00 00
  cmd=0x20013 t=30 out=128 rc=0x3 data=00 00 00 00 00 00 00 00 00 00 00 00 00 00 00 00 00
  cmd=0x20013 t=34 out=128 rc=0x3 data=00 00 00 00 00 00 00 00 00 00 00 00 00 00 00 00 00
  cmd=0x20013 t=38 out=128 rc=0x3 data=00 00 00 00 00 00 00 00 00 00 00 00 00 00 00 00 00
  cmd=0x20013 t=3C out=128 rc=0x3 data=00 00 00 00 00 00 00 00 00 00 00 00 00 00 00 00 00
  cmd=0x20013 t=40 out=128 rc=0x3 data=00 00 00 00 00 00 00 00 00 00 00 00 00 00 00 00 00
  cmd=0x20013 t=44 out=128 rc=0x3 data=00 00 00 00 00 00 00 00 00 00 00 00 00 00 00 00 00
  cmd=0x20013 t=48 out=128 rc=0x3 data=00 00 00 00 00 00 00 00 00 00 00 00 00 00 00 00 00
  cmd=0x20013 t=4C out=128 rc=0x3 data=00 00 00 00 00 00 00 00 00 00 00 00 00 00 00 00 00
  cmd=0x20013 t=50 out=128 rc=0x3 data=00 00 00 00 00 00 00 00 00 00 00 00 00 00 00 00 00
  cmd=0x20014 t=00 out=128 rc=0x3 data=00 00 00 00 00 00 00 00 00 00 00 00 00 00 00 00 00
  cmd=0x20014 t=04 out=128 rc=0x3 data=00 00 00 00 00 00 00 00 00 00 00 00 00 00 00 00 00
  cmd=0x20014 t=08 out=128 rc=0x3 data=00 00 00 00 00 00 00 00 00 00 00 00 00 00 00 00 00
  cmd=0x20014 t=0C out=128 rc=0x3 data=00 00 00 00 00 00 00 00 00 00 00 00 00 00 00 00 00
  cmd=0x20014 t=10 out=128 rc=0x3 data=00 00 00 00 00 00 00 00 00 00 00 00 00 00 00 00 00
  cmd=0x20014 t=14 out=128 rc=0x3 data=00 00 00 00 00 00 00 00 00 00 00 00 00 00 00 00 00
  cmd=0x20014 t=18 out=128 rc=0x3 data=00 00 00 00 00 00 00 00 00 00 00 00 00 00 00 00 00
  cmd=0x20014 t=1C out=128 rc=0x3 data=00 00 00 00 00 00 00 00 00 00 00 00 00 00 00 00 00
  cmd=0x20014 t=20 out=128 rc=0x3 data=00 00 00 00 00 00 00 00 00 00 00 00 00 00 00 00 00
  cmd=0x20014 t=24 out=128 rc=0x3 data=00 00 00 00 00 00 00 00 00 00 00 00 00 00 00 00 00
  cmd=0x20014 t=28 out=128 rc=0x3 data=00 00 00 00 00 00 00 00 00 00 00 00 00 00 00 00 00
  cmd=0x20014 t=2C out=128 rc=0x3 data=00 00 00 00 00 00 00 00 00 00 00 00 00 00 00 00 00
  cmd=0x20014 t=30 out=128 rc=0x3 data=00 00 00 00 00 00 00 00 00 00 00 00 00 00 00 00 00
  cmd=0x20014 t=34 out=128 rc=0x3 data=00 00 00 00 00 00 00 00 00 00 00 00 00 00 00 00 00
  cmd=0x20014 t=38 out=128 rc=0x3 data=00 00 00 00 00 00 00 00 00 00 00 00 00 00 00 00 00
  cmd=0x20014 t=3C out=128 rc=0x3 data=00 00 00 00 00 00 00 00 00 00 00 00 00 00 00 00 00
  cmd=0x20014 t=40 out=128 rc=0x3 data=00 00 00 00 00 00 00 00 00 00 00 00 00 00 00 00 00
  cmd=0x20014 t=44 out=128 rc=0x3 data=00 00 00 00 00 00 00 00 00 00 00 00 00 00 00 00 00
  cmd=0x20014 t=48 out=128 rc=0x3 data=00 00 00 00 00 00 00 00 00 00 00 00 00 00 00 00 00
  cmd=0x20014 t=4C out=128 rc=0x3 data=00 00 00 00 00 00 00 00 00 00 00 00 00 00 00 00 00
  cmd=0x20014 t=50 out=128 rc=0x3 data=00 00 00 00 00 00 00 00 00 00 00 00 00 00 00 00 00
  cmd=0x20015 t=00 out=128 rc=0x3 data=00 00 00 00 00 00 00 00 00 00 00 00 00 00 00 00 00
  cmd=0x20015 t=04 out=128 rc=0x3 data=00 00 00 00 00 00 00 00 00 00 00 00 00 00 00 00 00
  cmd=0x20015 t=08 out=128 rc=0x3 data=00 00 00 00 00 00 00 00 00 00 00 00 00 00 00 00 00
  cmd=0x20015 t=0C out=128 rc=0x3 data=00 00 00 00 00 00 00 00 00 00 00 00 00 00 00 00 00
  cmd=0x20015 t=10 out=128 rc=0x3 data=00 00 00 00 00 00 00 00 00 00 00 00 00 00 00 00 00
  cmd=0x20015 t=14 out=128 rc=0x3 data=00 00 00 00 00 00 00 00 00 00 00 00 00 00 00 00 00
  cmd=0x20015 t=18 out=128 rc=0x3 data=00 00 00 00 00 00 00 00 00 00 00 00 00 00 00 00 00
  cmd=0x20015 t=1C out=128 rc=0x3 data=00 00 00 00 00 00 00 00 00 00 00 00 00 00 00 00 00
  cmd=0x20015 t=20 out=128 rc=0x3 data=00 00 00 00 00 00 00 00 00 00 00 00 00 00 00 00 00
  cmd=0x20015 t=24 out=128 rc=0x3 data=00 00 00 00 00 00 00 00 00 00 00 00 00 00 00 00 00
  cmd=0x20015 t=28 out=128 rc=0x3 data=00 00 00 00 00 00 00 00 00 00 00 00 00 00 00 00 00
  cmd=0x20015 t=2C out=128 rc=0x3 data=00 00 00 00 00 00 00 00 00 00 00 00 00 00 00 00 00
  cmd=0x20015 t=30 out=128 rc=0x3 data=00 00 00 00 00 00 00 00 00 00 00 00 00 00 00 00 00
  cmd=0x20015 t=34 out=128 rc=0x3 data=00 00 00 00 00 00 00 00 00 00 00 00 00 00 00 00 00
  cmd=0x20015 t=38 out=128 rc=0x3 data=00 00 00 00 00 00 00 00 00 00 00 00 00 00 00 00 00
  cmd=0x20015 t=3C out=128 rc=0x3 data=00 00 00 00 00 00 00 00 00 00 00 00 00 00 00 00 00
  cmd=0x20015 t=40 out=128 rc=0x3 data=00 00 00 00 00 00 00 00 00 00 00 00 00 00 00 00 00
  cmd=0x20015 t=44 out=128 rc=0x3 data=00 00 00 00 00 00 00 00 00 00 00 00 00 00 00 00 00
  cmd=0x20015 t=48 out=128 rc=0x3 data=00 00 00 00 00 00 00 00 00 00 00 00 00 00 00 00 00
  cmd=0x20015 t=4C out=128 rc=0x3 data=00 00 00 00 00 00 00 00 00 00 00 00 00 00 00 00 00
  cmd=0x20015 t=50 out=128 rc=0x3 data=00 00 00 00 00 00 00 00 00 00 00 00 00 00 00 00 00
  cmd=0x20016 t=00 out=128 rc=0x3 data=00 00 00 00 00 00 00 00 00 00 00 00 00 00 00 00 00
  cmd=0x20016 t=04 out=128 rc=0x3 data=00 00 00 00 00 00 00 00 00 00 00 00 00 00 00 00 00
  cmd=0x20016 t=08 out=128 rc=0x3 data=00 00 00 00 00 00 00 00 00 00 00 00 00 00 00 00 00
  cmd=0x20016 t=0C out=128 rc=0x3 data=00 00 00 00 00 00 00 00 00 00 00 00 00 00 00 00 00
  cmd=0x20016 t=10 out=128 rc=0x3 data=00 00 00 00 00 00 00 00 00 00 00 00 00 00 00 00 00
  cmd=0x20016 t=14 out=128 rc=0x3 data=00 00 00 00 00 00 00 00 00 00 00 00 00 00 00 00 00
  cmd=0x20016 t=18 out=128 rc=0x3 data=00 00 00 00 00 00 00 00 00 00 00 00 00 00 00 00 00
  cmd=0x20016 t=1C out=128 rc=0x3 data=00 00 00 00 00 00 00 00 00 00 00 00 00 00 00 00 00
  cmd=0x20016 t=20 out=128 rc=0x3 data=00 00 00 00 00 00 00 00 00 00 00 00 00 00 00 00 00
  cmd=0x20016 t=24 out=128 rc=0x3 data=00 00 00 00 00 00 00 00 00 00 00 00 00 00 00 00 00
  cmd=0x20016 t=28 out=128 rc=0x3 data=00 00 00 00 00 00 00 00 00 00 00 00 00 00 00 00 00
  cmd=0x20016 t=2C out=128 rc=0x3 data=00 00 00 00 00 00 00 00 00 00 00 00 00 00 00 00 00
  cmd=0x20016 t=30 out=128 rc=0x3 data=00 00 00 00 00 00 00 00 00 00 00 00 00 00 00 00 00
  cmd=0x20016 t=34 out=128 rc=0x3 data=00 00 00 00 00 00 00 00 00 00 00 00 00 00 00 00 00
  cmd=0x20016 t=38 out=128 rc=0x3 data=00 00 00 00 00 00 00 00 00 00 00 00 00 00 00 00 00
  cmd=0x20016 t=3C out=128 rc=0x3 data=00 00 00 00 00 00 00 00 00 00 00 00 00 00 00 00 00
  cmd=0x20016 t=40 out=128 rc=0x3 data=00 00 00 00 00 00 00 00 00 00 00 00 00 00 00 00 00
  cmd=0x20016 t=44 out=128 rc=0x3 data=00 00 00 00 00 00 00 00 00 00 00 00 00 00 00 00 00
  cmd=0x20016 t=48 out=128 rc=0x3 data=00 00 00 00 00 00 00 00 00 00 00 00 00 00 00 00 00
  cmd=0x20016 t=4C out=128 rc=0x3 data=00 00 00 00 00 00 00 00 00 00 00 00 00 00 00 00 00
  cmd=0x20016 t=50 out=128 rc=0x3 data=00 00 00 00 00 00 00 00 00 00 00 00 00 00 00 00 00
  cmd=0x20017 t=00 out=128 rc=0x3 data=00 00 00 00 00 00 00 00 00 00 00 00 00 00 00 00 00
  cmd=0x20017 t=04 out=128 rc=0x3 data=00 00 00 00 00 00 00 00 00 00 00 00 00 00 00 00 00
  cmd=0x20017 t=08 out=128 rc=0x3 data=00 00 00 00 00 00 00 00 00 00 00 00 00 00 00 00 00
  cmd=0x20017 t=0C out=128 rc=0x3 data=00 00 00 00 00 00 00 00 00 00 00 00 00 00 00 00 00
  cmd=0x20017 t=10 out=128 rc=0x3 data=00 00 00 00 00 00 00 00 00 00 00 00 00 00 00 00 00
  cmd=0x20017 t=14 out=128 rc=0x3 data=00 00 00 00 00 00 00 00 00 00 00 00 00 00 00 00 00
  cmd=0x20017 t=18 out=128 rc=0x3 data=00 00 00 00 00 00 00 00 00 00 00 00 00 00 00 00 00
  cmd=0x20017 t=1C out=128 rc=0x3 data=00 00 00 00 00 00 00 00 00 00 00 00 00 00 00 00 00
  cmd=0x20017 t=20 out=128 rc=0x3 data=00 00 00 00 00 00 00 00 00 00 00 00 00 00 00 00 00
  cmd=0x20017 t=24 out=128 rc=0x3 data=00 00 00 00 00 00 00 00 00 00 00 00 00 00 00 00 00
  cmd=0x20017 t=28 out=128 rc=0x3 data=00 00 00 00 00 00 00 00 00 00 00 00 00 00 00 00 00
  cmd=0x20017 t=2C out=128 rc=0x3 data=00 00 00 00 00 00 00 00 00 00 00 00 00 00 00 00 00
  cmd=0x20017 t=30 out=128 rc=0x3 data=00 00 00 00 00 00 00 00 00 00 00 00 00 00 00 00 00
  cmd=0x20017 t=34 out=128 rc=0x3 data=00 00 00 00 00 00 00 00 00 00 00 00 00 00 00 00 00
  cmd=0x20017 t=38 out=128 rc=0x3 data=00 00 00 00 00 00 00 00 00 00 00 00 00 00 00 00 00
  cmd=0x20017 t=3C out=128 rc=0x3 data=00 00 00 00 00 00 00 00 00 00 00 00 00 00 00 00 00
  cmd=0x20017 t=40 out=128 rc=0x3 data=00 00 00 00 00 00 00 00 00 00 00 00 00 00 00 00 00
  cmd=0x20017 t=44 out=128 rc=0x3 data=00 00 00 00 00 00 00 00 00 00 00 00 00 00 00 00 00
  cmd=0x20017 t=48 out=128 rc=0x3 data=00 00 00 00 00 00 00 00 00 00 00 00 00 00 00 00 00
  cmd=0x20017 t=4C out=128 rc=0x3 data=00 00 00 00 00 00 00 00 00 00 00 00 00 00 00 00 00
  cmd=0x20017 t=50 out=128 rc=0x3 data=00 00 00 00 00 00 00 00 00 00 00 00 00 00 00 00 00
  cmd=0x20018 t=00 out=128 rc=0x3 data=00 00 00 00 00 00 00 00 00 00 00 00 00 00 00 00 00
  cmd=0x20018 t=04 out=128 rc=0x3 data=00 00 00 00 00 00 00 00 00 00 00 00 00 00 00 00 00
  cmd=0x20018 t=08 out=128 rc=0x3 data=00 00 00 00 00 00 00 00 00 00 00 00 00 00 00 00 00
  cmd=0x20018 t=0C out=128 rc=0x3 data=00 00 00 00 00 00 00 00 00 00 00 00 00 00 00 00 00
  cmd=0x20018 t=10 out=128 rc=0x3 data=00 00 00 00 00 00 00 00 00 00 00 00 00 00 00 00 00
  cmd=0x20018 t=14 out=128 rc=0x3 data=00 00 00 00 00 00 00 00 00 00 00 00 00 00 00 00 00
  cmd=0x20018 t=18 out=128 rc=0x3 data=00 00 00 00 00 00 00 00 00 00 00 00 00 00 00 00 00
  cmd=0x20018 t=1C out=128 rc=0x3 data=00 00 00 00 00 00 00 00 00 00 00 00 00 00 00 00 00
  cmd=0x20018 t=20 out=128 rc=0x3 data=00 00 00 00 00 00 00 00 00 00 00 00 00 00 00 00 00
  cmd=0x20018 t=24 out=128 rc=0x3 data=00 00 00 00 00 00 00 00 00 00 00 00 00 00 00 00 00
  cmd=0x20018 t=28 out=128 rc=0x3 data=00 00 00 00 00 00 00 00 00 00 00 00 00 00 00 00 00
  cmd=0x20018 t=2C out=128 rc=0x3 data=00 00 00 00 00 00 00 00 00 00 00 00 00 00 00 00 00
  cmd=0x20018 t=30 out=128 rc=0x3 data=00 00 00 00 00 00 00 00 00 00 00 00 00 00 00 00 00
  cmd=0x20018 t=34 out=128 rc=0x3 data=00 00 00 00 00 00 00 00 00 00 00 00 00 00 00 00 00
  cmd=0x20018 t=38 out=128 rc=0x3 data=00 00 00 00 00 00 00 00 00 00 00 00 00 00 00 00 00
  cmd=0x20018 t=3C out=128 rc=0x3 data=00 00 00 00 00 00 00 00 00 00 00 00 00 00 00 00 00
  cmd=0x20018 t=40 out=128 rc=0x3 data=00 00 00 00 00 00 00 00 00 00 00 00 00 00 00 00 00
  cmd=0x20018 t=44 out=128 rc=0x3 data=00 00 00 00 00 00 00 00 00 00 00 00 00 00 00 00 00
  cmd=0x20018 t=48 out=128 rc=0x3 data=00 00 00 00 00 00 00 00 00 00 00 00 00 00 00 00 00
  cmd=0x20018 t=4C out=128 rc=0x3 data=00 00 00 00 00 00 00 00 00 00 00 00 00 00 00 00 00
  cmd=0x20018 t=50 out=128 rc=0x3 data=00 00 00 00 00 00 00 00 00 00 00 00 00 00 00 00 00
  cmd=0x20019 t=00 out=128 rc=0x3 data=00 00 00 00 00 00 00 00 00 00 00 00 00 00 00 00 00
  cmd=0x20019 t=04 out=128 rc=0x3 data=00 00 00 00 00 00 00 00 00 00 00 00 00 00 00 00 00
  cmd=0x20019 t=08 out=128 rc=0x3 data=00 00 00 00 00 00 00 00 00 00 00 00 00 00 00 00 00
  cmd=0x20019 t=0C out=128 rc=0x3 data=00 00 00 00 00 00 00 00 00 00 00 00 00 00 00 00 00
  cmd=0x20019 t=10 out=128 rc=0x3 data=00 00 00 00 00 00 00 00 00 00 00 00 00 00 00 00 00
  cmd=0x20019 t=14 out=128 rc=0x3 data=00 00 00 00 00 00 00 00 00 00 00 00 00 00 00 00 00
  cmd=0x20019 t=18 out=128 rc=0x3 data=00 00 00 00 00 00 00 00 00 00 00 00 00 00 00 00 00
  cmd=0x20019 t=1C out=128 rc=0x3 data=00 00 00 00 00 00 00 00 00 00 00 00 00 00 00 00 00
  cmd=0x20019 t=20 out=128 rc=0x3 data=00 00 00 00 00 00 00 00 00 00 00 00 00 00 00 00 00
  cmd=0x20019 t=24 out=128 rc=0x3 data=00 00 00 00 00 00 00 00 00 00 00 00 00 00 00 00 00
  cmd=0x20019 t=28 out=128 rc=0x3 data=00 00 00 00 00 00 00 00 00 00 00 00 00 00 00 00 00
  cmd=0x20019 t=2C out=128 rc=0x3 data=00 00 00 00 00 00 00 00 00 00 00 00 00 00 00 00 00
  cmd=0x20019 t=30 out=128 rc=0x3 data=00 00 00 00 00 00 00 00 00 00 00 00 00 00 00 00 00
  cmd=0x20019 t=34 out=128 rc=0x3 data=00 00 00 00 00 00 00 00 00 00 00 00 00 00 00 00 00
  cmd=0x20019 t=38 out=128 rc=0x3 data=00 00 00 00 00 00 00 00 00 00 00 00 00 00 00 00 00
  cmd=0x20019 t=3C out=128 rc=0x3 data=00 00 00 00 00 00 00 00 00 00 00 00 00 00 00 00 00
  cmd=0x20019 t=40 out=128 rc=0x3 data=00 00 00 00 00 00 00 00 00 00 00 00 00 00 00 00 00
  cmd=0x20019 t=44 out=128 rc=0x3 data=00 00 00 00 00 00 00 00 00 00 00 00 00 00 00 00 00
  cmd=0x20019 t=48 out=128 rc=0x3 data=00 00 00 00 00 00 00 00 00 00 00 00 00 00 00 00 00
  cmd=0x20019 t=4C out=128 rc=0x3 data=00 00 00 00 00 00 00 00 00 00 00 00 00 00 00 00 00
  cmd=0x20019 t=50 out=128 rc=0x3 data=00 00 00 00 00 00 00 00 00 00 00 00 00 00 00 00 00
  cmd=0x2001A t=00 out=128 rc=0x3 data=00 00 00 00 00 00 00 00 00 00 00 00 00 00 00 00 00
  cmd=0x2001A t=04 out=128 rc=0x3 data=00 00 00 00 00 00 00 00 00 00 00 00 00 00 00 00 00
  cmd=0x2001A t=08 out=128 rc=0x3 data=00 00 00 00 00 00 00 00 00 00 00 00 00 00 00 00 00
  cmd=0x2001A t=0C out=128 rc=0x3 data=00 00 00 00 00 00 00 00 00 00 00 00 00 00 00 00 00
  cmd=0x2001A t=10 out=128 rc=0x3 data=00 00 00 00 00 00 00 00 00 00 00 00 00 00 00 00 00
  cmd=0x2001A t=14 out=128 rc=0x3 data=00 00 00 00 00 00 00 00 00 00 00 00 00 00 00 00 00
  cmd=0x2001A t=18 out=128 rc=0x3 data=00 00 00 00 00 00 00 00 00 00 00 00 00 00 00 00 00
  cmd=0x2001A t=1C out=128 rc=0x3 data=00 00 00 00 00 00 00 00 00 00 00 00 00 00 00 00 00
  cmd=0x2001A t=20 out=128 rc=0x3 data=00 00 00 00 00 00 00 00 00 00 00 00 00 00 00 00 00
  cmd=0x2001A t=24 out=128 rc=0x3 data=00 00 00 00 00 00 00 00 00 00 00 00 00 00 00 00 00
  cmd=0x2001A t=28 out=128 rc=0x3 data=00 00 00 00 00 00 00 00 00 00 00 00 00 00 00 00 00
  cmd=0x2001A t=2C out=128 rc=0x3 data=00 00 00 00 00 00 00 00 00 00 00 00 00 00 00 00 00
  cmd=0x2001A t=30 out=128 rc=0x3 data=00 00 00 00 00 00 00 00 00 00 00 00 00 00 00 00 00
  cmd=0x2001A t=34 out=128 rc=0x3 data=00 00 00 00 00 00 00 00 00 00 00 00 00 00 00 00 00
  cmd=0x2001A t=38 out=128 rc=0x3 data=00 00 00 00 00 00 00 00 00 00 00 00 00 00 00 00 00
  cmd=0x2001A t=3C out=128 rc=0x3 data=00 00 00 00 00 00 00 00 00 00 00 00 00 00 00 00 00
  cmd=0x2001A t=40 out=128 rc=0x3 data=00 00 00 00 00 00 00 00 00 00 00 00 00 00 00 00 00
  cmd=0x2001A t=44 out=128 rc=0x3 data=00 00 00 00 00 00 00 00 00 00 00 00 00 00 00 00 00
  cmd=0x2001A t=48 out=128 rc=0x3 data=00 00 00 00 00 00 00 00 00 00 00 00 00 00 00 00 00
  cmd=0x2001A t=4C out=128 rc=0x3 data=00 00 00 00 00 00 00 00 00 00 00 00 00 00 00 00 00
  cmd=0x2001A t=50 out=128 rc=0x3 data=00 00 00 00 00 00 00 00 00 00 00 00 00 00 00 00 00
  cmd=0x2001B t=00 out=128 rc=0x3 data=00 00 00 00 00 00 00 00 00 00 00 00 00 00 00 00 00
  cmd=0x2001B t=04 out=128 rc=0x3 data=00 00 00 00 00 00 00 00 00 00 00 00 00 00 00 00 00
  cmd=0x2001B t=08 out=128 rc=0x3 data=00 00 00 00 00 00 00 00 00 00 00 00 00 00 00 00 00
  cmd=0x2001B t=0C out=128 rc=0x3 data=00 00 00 00 00 00 00 00 00 00 00 00 00 00 00 00 00
  cmd=0x2001B t=10 out=128 rc=0x3 data=00 00 00 00 00 00 00 00 00 00 00 00 00 00 00 00 00
  cmd=0x2001B t=14 out=128 rc=0x3 data=00 00 00 00 00 00 00 00 00 00 00 00 00 00 00 00 00
  cmd=0x2001B t=18 out=128 rc=0x3 data=00 00 00 00 00 00 00 00 00 00 00 00 00 00 00 00 00
  cmd=0x2001B t=1C out=128 rc=0x3 data=00 00 00 00 00 00 00 00 00 00 00 00 00 00 00 00 00
  cmd=0x2001B t=20 out=128 rc=0x3 data=00 00 00 00 00 00 00 00 00 00 00 00 00 00 00 00 00
  cmd=0x2001B t=24 out=128 rc=0x3 data=00 00 00 00 00 00 00 00 00 00 00 00 00 00 00 00 00
  cmd=0x2001B t=28 out=128 rc=0x3 data=00 00 00 00 00 00 00 00 00 00 00 00 00 00 00 00 00
  cmd=0x2001B t=2C out=128 rc=0x3 data=00 00 00 00 00 00 00 00 00 00 00 00 00 00 00 00 00
  cmd=0x2001B t=30 out=128 rc=0x3 data=00 00 00 00 00 00 00 00 00 00 00 00 00 00 00 00 00
  cmd=0x2001B t=34 out=128 rc=0x3 data=00 00 00 00 00 00 00 00 00 00 00 00 00 00 00 00 00
  cmd=0x2001B t=38 out=128 rc=0x3 data=00 00 00 00 00 00 00 00 00 00 00 00 00 00 00 00 00
  cmd=0x2001B t=3C out=128 rc=0x3 data=00 00 00 00 00 00 00 00 00 00 00 00 00 00 00 00 00
  cmd=0x2001B t=40 out=128 rc=0x3 data=00 00 00 00 00 00 00 00 00 00 00 00 00 00 00 00 00
  cmd=0x2001B t=44 out=128 rc=0x3 data=00 00 00 00 00 00 00 00 00 00 00 00 00 00 00 00 00
  cmd=0x2001B t=48 out=128 rc=0x3 data=00 00 00 00 00 00 00 00 00 00 00 00 00 00 00 00 00
  cmd=0x2001B t=4C out=128 rc=0x3 data=00 00 00 00 00 00 00 00 00 00 00 00 00 00 00 00 00
  cmd=0x2001B t=50 out=128 rc=0x3 data=00 00 00 00 00 00 00 00 00 00 00 00 00 00 00 00 00
  cmd=0x2001C t=00 out=128 rc=0x3 data=00 00 00 00 00 00 00 00 00 00 00 00 00 00 00 00 00
  cmd=0x2001C t=04 out=128 rc=0x3 data=00 00 00 00 00 00 00 00 00 00 00 00 00 00 00 00 00
  cmd=0x2001C t=08 out=128 rc=0x3 data=00 00 00 00 00 00 00 00 00 00 00 00 00 00 00 00 00
  cmd=0x2001C t=0C out=128 rc=0x3 data=00 00 00 00 00 00 00 00 00 00 00 00 00 00 00 00 00
  cmd=0x2001C t=10 out=128 rc=0x3 data=00 00 00 00 00 00 00 00 00 00 00 00 00 00 00 00 00
  cmd=0x2001C t=14 out=128 rc=0x3 data=00 00 00 00 00 00 00 00 00 00 00 00 00 00 00 00 00
  cmd=0x2001C t=18 out=128 rc=0x3 data=00 00 00 00 00 00 00 00 00 00 00 00 00 00 00 00 00
  cmd=0x2001C t=1C out=128 rc=0x3 data=00 00 00 00 00 00 00 00 00 00 00 00 00 00 00 00 00
  cmd=0x2001C t=20 out=128 rc=0x3 data=00 00 00 00 00 00 00 00 00 00 00 00 00 00 00 00 00
  cmd=0x2001C t=24 out=128 rc=0x3 data=00 00 00 00 00 00 00 00 00 00 00 00 00 00 00 00 00
  cmd=0x2001C t=28 out=128 rc=0x3 data=00 00 00 00 00 00 00 00 00 00 00 00 00 00 00 00 00
  cmd=0x2001C t=2C out=128 rc=0x3 data=00 00 00 00 00 00 00 00 00 00 00 00 00 00 00 00 00
  cmd=0x2001C t=30 out=128 rc=0x3 data=00 00 00 00 00 00 00 00 00 00 00 00 00 00 00 00 00
  cmd=0x2001C t=34 out=128 rc=0x3 data=00 00 00 00 00 00 00 00 00 00 00 00 00 00 00 00 00
  cmd=0x2001C t=38 out=128 rc=0x3 data=00 00 00 00 00 00 00 00 00 00 00 00 00 00 00 00 00
  cmd=0x2001C t=3C out=128 rc=0x3 data=00 00 00 00 00 00 00 00 00 00 00 00 00 00 00 00 00
  cmd=0x2001C t=40 out=128 rc=0x3 data=00 00 00 00 00 00 00 00 00 00 00 00 00 00 00 00 00
  cmd=0x2001C t=44 out=128 rc=0x3 data=00 00 00 00 00 00 00 00 00 00 00 00 00 00 00 00 00
  cmd=0x2001C t=48 out=128 rc=0x3 data=00 00 00 00 00 00 00 00 00 00 00 00 00 00 00 00 00
  cmd=0x2001C t=4C out=128 rc=0x3 data=00 00 00 00 00 00 00 00 00 00 00 00 00 00 00 00 00
  cmd=0x2001C t=50 out=128 rc=0x3 data=00 00 00 00 00 00 00 00 00 00 00 00 00 00 00 00 00
  cmd=0x2001D t=00 out=128 rc=0x3 data=00 00 00 00 00 00 00 00 00 00 00 00 00 00 00 00 00
  cmd=0x2001D t=04 out=128 rc=0x3 data=00 00 00 00 00 00 00 00 00 00 00 00 00 00 00 00 00
  cmd=0x2001D t=08 out=128 rc=0x3 data=00 00 00 00 00 00 00 00 00 00 00 00 00 00 00 00 00
  cmd=0x2001D t=0C out=128 rc=0x3 data=00 00 00 00 00 00 00 00 00 00 00 00 00 00 00 00 00
  cmd=0x2001D t=10 out=128 rc=0x3 data=00 00 00 00 00 00 00 00 00 00 00 00 00 00 00 00 00
  cmd=0x2001D t=14 out=128 rc=0x3 data=00 00 00 00 00 00 00 00 00 00 00 00 00 00 00 00 00
  cmd=0x2001D t=18 out=128 rc=0x3 data=00 00 00 00 00 00 00 00 00 00 00 00 00 00 00 00 00
  cmd=0x2001D t=1C out=128 rc=0x3 data=00 00 00 00 00 00 00 00 00 00 00 00 00 00 00 00 00
  cmd=0x2001D t=20 out=128 rc=0x3 data=00 00 00 00 00 00 00 00 00 00 00 00 00 00 00 00 00
  cmd=0x2001D t=24 out=128 rc=0x3 data=00 00 00 00 00 00 00 00 00 00 00 00 00 00 00 00 00
  cmd=0x2001D t=28 out=128 rc=0x3 data=00 00 00 00 00 00 00 00 00 00 00 00 00 00 00 00 00
  cmd=0x2001D t=2C out=128 rc=0x3 data=00 00 00 00 00 00 00 00 00 00 00 00 00 00 00 00 00
  cmd=0x2001D t=30 out=128 rc=0x3 data=00 00 00 00 00 00 00 00 00 00 00 00 00 00 00 00 00
  cmd=0x2001D t=34 out=128 rc=0x3 data=00 00 00 00 00 00 00 00 00 00 00 00 00 00 00 00 00
  cmd=0x2001D t=38 out=128 rc=0x3 data=00 00 00 00 00 00 00 00 00 00 00 00 00 00 00 00 00
  cmd=0x2001D t=3C out=128 rc=0x3 data=00 00 00 00 00 00 00 00 00 00 00 00 00 00 00 00 00
  cmd=0x2001D t=40 out=128 rc=0x3 data=00 00 00 00 00 00 00 00 00 00 00 00 00 00 00 00 00
  cmd=0x2001D t=44 out=128 rc=0x3 data=00 00 00 00 00 00 00 00 00 00 00 00 00 00 00 00 00
  cmd=0x2001D t=48 out=128 rc=0x3 data=00 00 00 00 00 00 00 00 00 00 00 00 00 00 00 00 00
  cmd=0x2001D t=4C out=128 rc=0x3 data=00 00 00 00 00 00 00 00 00 00 00 00 00 00 00 00 00
  cmd=0x2001D t=50 out=128 rc=0x3 data=00 00 00 00 00 00 00 00 00 00 00 00 00 00 00 00 00
  cmd=0x2001E t=00 out=128 rc=0x3 data=00 00 00 00 00 00 00 00 00 00 00 00 00 00 00 00 00
  cmd=0x2001E t=04 out=128 rc=0x3 data=00 00 00 00 00 00 00 00 00 00 00 00 00 00 00 00 00
  cmd=0x2001E t=08 out=128 rc=0x3 data=00 00 00 00 00 00 00 00 00 00 00 00 00 00 00 00 00
  cmd=0x2001E t=0C out=128 rc=0x3 data=00 00 00 00 00 00 00 00 00 00 00 00 00 00 00 00 00
  cmd=0x2001E t=10 out=128 rc=0x3 data=00 00 00 00 00 00 00 00 00 00 00 00 00 00 00 00 00
  cmd=0x2001E t=14 out=128 rc=0x3 data=00 00 00 00 00 00 00 00 00 00 00 00 00 00 00 00 00
  cmd=0x2001E t=18 out=128 rc=0x3 data=00 00 00 00 00 00 00 00 00 00 00 00 00 00 00 00 00
  cmd=0x2001E t=1C out=128 rc=0x3 data=00 00 00 00 00 00 00 00 00 00 00 00 00 00 00 00 00
  cmd=0x2001E t=20 out=128 rc=0x3 data=00 00 00 00 00 00 00 00 00 00 00 00 00 00 00 00 00
  cmd=0x2001E t=24 out=128 rc=0x3 data=00 00 00 00 00 00 00 00 00 00 00 00 00 00 00 00 00
  cmd=0x2001E t=28 out=128 rc=0x3 data=00 00 00 00 00 00 00 00 00 00 00 00 00 00 00 00 00
  cmd=0x2001E t=2C out=128 rc=0x3 data=00 00 00 00 00 00 00 00 00 00 00 00 00 00 00 00 00
  cmd=0x2001E t=30 out=128 rc=0x3 data=00 00 00 00 00 00 00 00 00 00 00 00 00 00 00 00 00
  cmd=0x2001E t=34 out=128 rc=0x3 data=00 00 00 00 00 00 00 00 00 00 00 00 00 00 00 00 00
  cmd=0x2001E t=38 out=128 rc=0x3 data=00 00 00 00 00 00 00 00 00 00 00 00 00 00 00 00 00
  cmd=0x2001E t=3C out=128 rc=0x3 data=00 00 00 00 00 00 00 00 00 00 00 00 00 00 00 00 00
  cmd=0x2001E t=40 out=128 rc=0x3 data=00 00 00 00 00 00 00 00 00 00 00 00 00 00 00 00 00
  cmd=0x2001E t=44 out=128 rc=0x3 data=00 00 00 00 00 00 00 00 00 00 00 00 00 00 00 00 00
  cmd=0x2001E t=48 out=128 rc=0x3 data=00 00 00 00 00 00 00 00 00 00 00 00 00 00 00 00 00
  cmd=0x2001E t=4C out=128 rc=0x3 data=00 00 00 00 00 00 00 00 00 00 00 00 00 00 00 00 00
  cmd=0x2001E t=50 out=128 rc=0x3 data=00 00 00 00 00 00 00 00 00 00 00 00 00 00 00 00 00
  cmd=0x2001F t=00 out=128 rc=0x3 data=00 00 00 00 00 00 00 00 00 00 00 00 00 00 00 00 00
  cmd=0x2001F t=04 out=128 rc=0x3 data=00 00 00 00 00 00 00 00 00 00 00 00 00 00 00 00 00
  cmd=0x2001F t=08 out=128 rc=0x3 data=00 00 00 00 00 00 00 00 00 00 00 00 00 00 00 00 00
  cmd=0x2001F t=0C out=128 rc=0x3 data=00 00 00 00 00 00 00 00 00 00 00 00 00 00 00 00 00
  cmd=0x2001F t=10 out=128 rc=0x3 data=00 00 00 00 00 00 00 00 00 00 00 00 00 00 00 00 00
  cmd=0x2001F t=14 out=128 rc=0x3 data=00 00 00 00 00 00 00 00 00 00 00 00 00 00 00 00 00
  cmd=0x2001F t=18 out=128 rc=0x3 data=00 00 00 00 00 00 00 00 00 00 00 00 00 00 00 00 00
  cmd=0x2001F t=1C out=128 rc=0x3 data=00 00 00 00 00 00 00 00 00 00 00 00 00 00 00 00 00
  cmd=0x2001F t=20 out=128 rc=0x3 data=00 00 00 00 00 00 00 00 00 00 00 00 00 00 00 00 00
  cmd=0x2001F t=24 out=128 rc=0x3 data=00 00 00 00 00 00 00 00 00 00 00 00 00 00 00 00 00
  cmd=0x2001F t=28 out=128 rc=0x3 data=00 00 00 00 00 00 00 00 00 00 00 00 00 00 00 00 00
  cmd=0x2001F t=2C out=128 rc=0x3 data=00 00 00 00 00 00 00 00 00 00 00 00 00 00 00 00 00
  cmd=0x2001F t=30 out=128 rc=0x3 data=00 00 00 00 00 00 00 00 00 00 00 00 00 00 00 00 00
  cmd=0x2001F t=34 out=128 rc=0x3 data=00 00 00 00 00 00 00 00 00 00 00 00 00 00 00 00 00
  cmd=0x2001F t=38 out=128 rc=0x3 data=00 00 00 00 00 00 00 00 00 00 00 00 00 00 00 00 00
  cmd=0x2001F t=3C out=128 rc=0x3 data=00 00 00 00 00 00 00 00 00 00 00 00 00 00 00 00 00
  cmd=0x2001F t=40 out=128 rc=0x3 data=00 00 00 00 00 00 00 00 00 00 00 00 00 00 00 00 00
  cmd=0x2001F t=44 out=128 rc=0x3 data=00 00 00 00 00 00 00 00 00 00 00 00 00 00 00 00 00
  cmd=0x2001F t=48 out=128 rc=0x3 data=00 00 00 00 00 00 00 00 00 00 00 00 00 00 00 00 00
  cmd=0x2001F t=4C out=128 rc=0x3 data=00 00 00 00 00 00 00 00 00 00 00 00 00 00 00 00 00
  cmd=0x2001F t=50 out=128 rc=0x3 data=00 00 00 00 00 00 00 00 00 00 00 00 00 00 00 00 00
  cmd=0x20020 t=00 out=128 rc=0x3 data=00 00 00 00 00 00 00 00 00 00 00 00 00 00 00 00 00
  cmd=0x20020 t=04 out=128 rc=0x3 data=00 00 00 00 00 00 00 00 00 00 00 00 00 00 00 00 00
  cmd=0x20020 t=08 out=128 rc=0x3 data=00 00 00 00 00 00 00 00 00 00 00 00 00 00 00 00 00
  cmd=0x20020 t=0C out=128 rc=0x3 data=00 00 00 00 00 00 00 00 00 00 00 00 00 00 00 00 00
  cmd=0x20020 t=10 out=128 rc=0x3 data=00 00 00 00 00 00 00 00 00 00 00 00 00 00 00 00 00
  cmd=0x20020 t=14 out=128 rc=0x3 data=00 00 00 00 00 00 00 00 00 00 00 00 00 00 00 00 00
  cmd=0x20020 t=18 out=128 rc=0x3 data=00 00 00 00 00 00 00 00 00 00 00 00 00 00 00 00 00
  cmd=0x20020 t=1C out=128 rc=0x3 data=00 00 00 00 00 00 00 00 00 00 00 00 00 00 00 00 00
  cmd=0x20020 t=20 out=128 rc=0x3 data=00 00 00 00 00 00 00 00 00 00 00 00 00 00 00 00 00
  cmd=0x20020 t=24 out=128 rc=0x3 data=00 00 00 00 00 00 00 00 00 00 00 00 00 00 00 00 00
  cmd=0x20020 t=28 out=128 rc=0x3 data=00 00 00 00 00 00 00 00 00 00 00 00 00 00 00 00 00
  cmd=0x20020 t=2C out=128 rc=0x3 data=00 00 00 00 00 00 00 00 00 00 00 00 00 00 00 00 00
  cmd=0x20020 t=30 out=128 rc=0x3 data=00 00 00 00 00 00 00 00 00 00 00 00 00 00 00 00 00
  cmd=0x20020 t=34 out=128 rc=0x3 data=00 00 00 00 00 00 00 00 00 00 00 00 00 00 00 00 00
  cmd=0x20020 t=38 out=128 rc=0x3 data=00 00 00 00 00 00 00 00 00 00 00 00 00 00 00 00 00
  cmd=0x20020 t=3C out=128 rc=0x3 data=00 00 00 00 00 00 00 00 00 00 00 00 00 00 00 00 00
  cmd=0x20020 t=40 out=128 rc=0x3 data=00 00 00 00 00 00 00 00 00 00 00 00 00 00 00 00 00
  cmd=0x20020 t=44 out=128 rc=0x3 data=00 00 00 00 00 00 00 00 00 00 00 00 00 00 00 00 00
  cmd=0x20020 t=48 out=128 rc=0x3 data=00 00 00 00 00 00 00 00 00 00 00 00 00 00 00 00 00
  cmd=0x20020 t=4C out=128 rc=0x3 data=00 00 00 00 00 00 00 00 00 00 00 00 00 00 00 00 00
  cmd=0x20020 t=50 out=128 rc=0x3 data=00 00 00 00 00 00 00 00 00 00 00 00 00 00 00 00 00
=== done ===
