=== Probe v4: SystemControl channel (cmd 1/2 + cmdType 76) ===
hpqBIntM OK
--- GetThermalControlMode: cmd=1 t=76 ---
  cmd=1 t=4C rc=0x0 data=01 00 00 00
--- scan cmdType 0..120 with cmd=1 (read) ---
  cmd=1 t=00 rc=0x4 data=00 00 00 00 00 00 00 00 00 00 00 00 00 0
  cmd=1 t=01 rc=0x0 data=00 00 00 00 00 00 00 00 00 00 00 00 00 0
  cmd=1 t=02 rc=0x4 data=00 00 00 00 00 00 00 00 00 00 00 00 00 0
  cmd=1 t=03 rc=0x4 data=00 00 00 00 00 00 00 00 00 00 00 00 00 0
  cmd=1 t=04 rc=0x0 data=00 00 00 00 00 00 00 00 00 00 00 00 00 0
  cmd=1 t=05 rc=0x4 data=00 00 00 00 00 00 00 00 00 00 00 00 00 0
  cmd=1 t=06 rc=0x4 data=00 00 00 00 00 00 00 00 00 00 00 00 00 0
  cmd=1 t=07 rc=0x5 data=00 00 00 00 00 00 00 00 00 00 00 00 00 0
  cmd=1 t=08 rc=0x0 data=9B 01 AE 01 9C 21 A1 21 A8 21 FF FF 00 0
  cmd=1 t=09 rc=0x0 data=00 00 00 00 00 00 00 00 00 00 00 00 00 0
  cmd=1 t=0A rc=0x0 data=B6 01 00 00 00 00 00 00 00 00 00 00 00 0
  cmd=1 t=0B rc=0x4 data=00 00 00 00 00 00 00 00 00 00 00 00 00 0
  cmd=1 t=0C rc=0x0 data=A5 21 00 00 00 00 00 00 00 00 00 00 00 0
  cmd=1 t=0D rc=0x0 data=B2 19 21 84 02 00 00 00 00 00 00 00 00 0
  cmd=1 t=0E rc=0x4 data=00 00 00 00 00 00 00 00 00 00 00 00 00 0
  cmd=1 t=0F rc=0x0 data=01 AE 00 2E 00 00 00 00 00 00 00 00 00 0
  cmd=1 t=10 rc=0x0 data=32 30 32 35 30 38 33 30 00 00 00 00 00 0
  cmd=1 t=11 rc=0x4 data=00 00 00 00 00 00 00 00 00 00 00 00 00 0
  cmd=1 t=12 rc=0x4 data=00 00 00 00 00 00 00 00 00 00 00 00 00 0
  cmd=1 t=13 rc=0x4 data=00 00 00 00 00 00 00 00 00 00 00 00 00 0
  cmd=1 t=14 rc=0x4 data=00 00 00 00 00 00 00 00 00 00 00 00 00 0
  cmd=1 t=15 rc=0x4 data=00 00 00 00 00 00 00 00 00 00 00 00 00 0
  cmd=1 t=16 rc=0x4 data=00 00 00 00 00 00 00 00 00 00 00 00 00 0
  cmd=1 t=17 rc=0x4 data=00 00 00 00 00 00 00 00 00 00 00 00 00 0
  cmd=1 t=18 rc=0x4 data=00 00 00 00 00 00 00 00 00 00 00 00 00 0
  cmd=1 t=19 rc=0x4 data=00 00 00 00 00 00 00 00 00 00 00 00 00 0
  cmd=1 t=1A rc=0x4 data=00 00 00 00 00 00 00 00 00 00 00 00 00 0
  cmd=1 t=1B rc=0x4 data=00 00 00 00 00 00 00 00 00 00 00 00 00 0
  cmd=1 t=1C rc=0x4 data=00 00 00 00 00 00 00 00 00 00 00 00 00 0
  cmd=1 t=1D rc=0x0 data=00 01 00 00 00 00 00 00 00 00 00 00 00 0
  cmd=1 t=1E rc=0x0 data=00 00 00 00 00 00 00 00 00 00 00 00 00 0
  cmd=1 t=1F rc=0x0 data=00 FF 00 00 00 00 00 00 00 00 00 00 00 0
  cmd=1 t=20 rc=0x4 data=00 00 00 00 00 00 00 00 00 00 00 00 00 0
  cmd=1 t=21 rc=0x4 data=00 00 00 00 00 00 00 00 00 00 00 00 00 0
  cmd=1 t=22 rc=0x4 data=00 00 00 00 00 00 00 00 00 00 00 00 00 0
  cmd=1 t=23 rc=0x4 data=00 00 00 00 00 00 00 00 00 00 00 00 00 0
  cmd=1 t=24 rc=0x4 data=00 00 00 00 00 00 00 00 00 00 00 00 00 0
  cmd=1 t=25 rc=0x4 data=00 00 00 00 00 00 00 00 00 00 00 00 00 0
  cmd=1 t=26 rc=0x4 data=00 00 00 00 00 00 00 00 00 00 00 00 00 0
  cmd=1 t=27 rc=0x4 data=00 00 00 00 00 00 00 00 00 00 00 00 00 0
  cmd=1 t=28 rc=0x5 data=00 00 00 00 00 00 00 00 00 00 00 00 00 0
  cmd=1 t=29 rc=0x0 data=00 00 00 00 00 00 00 00 00 00 00 00 00 0
  cmd=1 t=2A rc=0x0 data=19 00 00 00 00 00 00 00 00 00 00 00 00 0
  cmd=1 t=2B rc=0x0 data=00 FF 00 00 00 00 00 00 00 00 00 00 00 0
  cmd=1 t=2C rc=0x0 data=00 00 00 00 00 00 00 00 00 00 00 00 00 0
  cmd=1 t=2D rc=0x4 data=00 00 00 00 00 00 00 00 00 00 00 00 00 0
  cmd=1 t=2E rc=0x4 data=00 00 00 00 00 00 00 00 00 00 00 00 00 0
  cmd=1 t=2F rc=0x4 data=00 00 00 00 00 00 00 00 00 00 00 00 00 0
  cmd=1 t=30 rc=0x4 data=00 00 00 00 00 00 00 00 00 00 00 00 00 0
  cmd=1 t=31 rc=0x0 data=00 00 00 00 00 00 00 00 00 00 00 00 00 0
  cmd=1 t=32 rc=0x4 data=00 00 00 00 00 00 00 00 00 00 00 00 00 0
  cmd=1 t=33 rc=0x4 data=00 00 00 00 00 00 00 00 00 00 00 00 00 0
  cmd=1 t=34 rc=0x0 data=00 00 00 00 00 00 00 00 00 00 00 00 00 0
  cmd=1 t=35 rc=0x0 data=00 00 00 00 00 00 00 00 00 00 00 00 00 0
  cmd=1 t=36 rc=0x0 data=1D FF FF FF FF FF FF FF FF FF FF FF FF F
  cmd=1 t=37 rc=0x0 data=1D FF FF FF FF FF FF FF FF FF FF FF FF F
  cmd=1 t=38 rc=0x0 data=00 00 00 00 00 00 00 00 00 00 00 00 00 0
  cmd=1 t=39 rc=0x4 data=00 00 00 00 00 00 00 00 00 00 00 00 00 0
  cmd=1 t=3A rc=0x4 data=00 00 00 00 00 00 00 00 00 00 00 00 00 0
  cmd=1 t=3B rc=0x4 data=00 00 00 00 00 00 00 00 00 00 00 00 00 0
  cmd=1 t=3C rc=0x4 data=00 00 00 00 00 00 00 00 00 00 00 00 00 0
  cmd=1 t=3D rc=0x4 data=00 00 00 00 00 00 00 00 00 00 00 00 00 0
  cmd=1 t=3E rc=0x0 data=FA 64 00 00 00 00 00 00 00 00 00 00 00 0
  cmd=1 t=3F rc=0x4 data=00 00 00 00 00 00 00 00 00 00 00 00 00 0
  cmd=1 t=40 rc=0x4 data=00 00 00 00 00 00 00 00 00 00 00 00 00 0
  cmd=1 t=41 rc=0x4 data=00 00 00 00 00 00 00 00 00 00 00 00 00 0
  cmd=1 t=42 rc=0x4 data=00 00 00 00 00 00 00 00 00 00 00 00 00 0
  cmd=1 t=43 rc=0x4 data=00 00 00 00 00 00 00 00 00 00 00 00 00 0
  cmd=1 t=44 rc=0x0 data=01 00 00 00 00 00 00 00 00 00 00 00 00 0
  cmd=1 t=45 rc=0x4 data=00 00 00 00 00 00 00 00 00 00 00 00 00 0
  cmd=1 t=46 rc=0x4 data=00 00 00 00 00 00 00 00 00 00 00 00 00 0
  cmd=1 t=47 rc=0x4 data=00 00 00 00 00 00 00 00 00 00 00 00 00 0
  cmd=1 t=48 rc=0x4 data=00 00 00 00 00 00 00 00 00 00 00 00 00 0
  cmd=1 t=49 rc=0x4 data=00 00 00 00 00 00 00 00 00 00 00 00 00 0
  cmd=1 t=4A rc=0x4 data=00 00 00 00 00 00 00 00 00 00 00 00 00 0
  ERR: 常规故障 
  cmd=1 t=4C rc=0x0 data=01 00 00 00 00 00 00 00 00 00 00 00 00 0
  cmd=1 t=4D rc=0x4 data=00 00 00 00 00 00 00 00 00 00 00 00 00 0
  cmd=1 t=4E rc=0x4 data=00 00 00 00 00 00 00 00 00 00 00 00 00 0
  cmd=1 t=4F rc=0x4 data=00 00 00 00 00 00 00 00 00 00 00 00 00 0
  cmd=1 t=50 rc=0x4 data=00 00 00 00 00 00 00 00 00 00 00 00 00 0
  cmd=1 t=51 rc=0x4 data=00 00 00 00 00 00 00 00 00 00 00 00 00 0
  cmd=1 t=52 rc=0x0 data=02 00 00 00 00 00 00 00 00 00 00 00 00 0
  cmd=1 t=53 rc=0x4 data=00 00 00 00 00 00 00 00 00 00 00 00 00 0
  cmd=1 t=54 rc=0x4 data=00 00 00 00 00 00 00 00 00 00 00 00 00 0
  cmd=1 t=55 rc=0x4 data=00 00 00 00 00 00 00 00 00 00 00 00 00 0
  cmd=1 t=56 rc=0x0 data=32 00 55 00 01 10 00 00 75 05 8C 10 8C 1
  cmd=1 t=57 rc=0x4 data=00 00 00 00 00 00 00 00 00 00 00 00 00 0
  ERR: 常规故障 
  cmd=1 t=59 rc=0x4 data=00 00 00 00 00 00 00 00 00 00 00 00 00 0
  ERR: 常规故障 
  cmd=1 t=5B rc=0x4 data=00 00 00 00 00 00 00 00 00 00 00 00 00 0
  cmd=1 t=5C rc=0x4 data=00 00 00 00 00 00 00 00 00 00 00 00 00 0
  cmd=1 t=5D rc=0x4 data=00 00 00 00 00 00 00 00 00 00 00 00 00 0
  cmd=1 t=5E rc=0x4 data=00 00 00 00 00 00 00 00 00 00 00 00 00 0
  cmd=1 t=5F rc=0x4 data=00 00 00 00 00 00 00 00 00 00 00 00 00 0
  cmd=1 t=60 rc=0x4 data=00 00 00 00 00 00 00 00 00 00 00 00 00 0
  cmd=1 t=61 rc=0x4 data=00 00 00 00 00 00 00 00 00 00 00 00 00 0
  cmd=1 t=62 rc=0x4 data=00 00 00 00 00 00 00 00 00 00 00 00 00 0
  cmd=1 t=63 rc=0x4 data=00 00 00 00 00 00 00 00 00 00 00 00 00 0
  cmd=1 t=64 rc=0x4 data=00 00 00 00 00 00 00 00 00 00 00 00 00 0
  cmd=1 t=65 rc=0x4 data=00 00 00 00 00 00 00 00 00 00 00 00 00 0
  cmd=1 t=66 rc=0x4 data=00 00 00 00 00 00 00 00 00 00 00 00 00 0
  cmd=1 t=67 rc=0x4 data=00 00 00 00 00 00 00 00 00 00 00 00 00 0
  cmd=1 t=68 rc=0x4 data=00 00 00 00 00 00 00 00 00 00 00 00 00 0
  cmd=1 t=69 rc=0x4 data=00 00 00 00 00 00 00 00 00 00 00 00 00 0
  cmd=1 t=6A rc=0x4 data=00 00 00 00 00 00 00 00 00 00 00 00 00 0
  cmd=1 t=6B rc=0x4 data=00 00 00 00 00 00 00 00 00 00 00 00 00 0
  cmd=1 t=6C rc=0x4 data=00 00 00 00 00 00 00 00 00 00 00 00 00 0
  cmd=1 t=6D rc=0x4 data=00 00 00 00 00 00 00 00 00 00 00 00 00 0
  cmd=1 t=6E rc=0x4 data=00 00 00 00 00 00 00 00 00 00 00 00 00 0
  cmd=1 t=6F rc=0x4 data=00 00 00 00 00 00 00 00 00 00 00 00 00 0
  cmd=1 t=70 rc=0x4 data=00 00 00 00 00 00 00 00 00 00 00 00 00 0
  cmd=1 t=71 rc=0x4 data=00 00 00 00 00 00 00 00 00 00 00 00 00 0
  cmd=1 t=72 rc=0x4 data=00 00 00 00 00 00 00 00 00 00 00 00 00 0
  cmd=1 t=73 rc=0x4 data=00 00 00 00 00 00 00 00 00 00 00 00 00 0
  cmd=1 t=74 rc=0x4 data=00 00 00 00 00 00 00 00 00 00 00 00 00 0
  cmd=1 t=75 rc=0x4 data=00 00 00 00 00 00 00 00 00 00 00 00 00 0
  cmd=1 t=76 rc=0x4 data=00 00 00 00 00 00 00 00 00 00 00 00 00 0
  cmd=1 t=77 rc=0x4 data=00 00 00 00 00 00 00 00 00 00 00 00 00 0
  cmd=1 t=78 rc=0x4 data=00 00 00 00 00 00 00 00 00 00 00 00 00 0
=== done ===
